1988500e24 Sun -1.034e-3 7.493e-3 -5.022e-5 -8.041e-6 1.663e-6 2.074e-7
5.97219e24 Earth -7.056e-1 6.970e-1 -7.843e-5 -1.233e-2 -1.236e-2 1.391e-6
7.349e22 Moon -7.037e-1 6.952e-1 -1.656e-4 -1.194e-2 -1.196e-2 -4.691e-5
48.685e23 Venus -6.907e-1 -2.005e-1 3.689e-2 5.697e-3 -1.945e-2 -5.960e-4
3.302e23 Mercury 3.408e-1 -1.827e-1 -4.695e-2 8.161e-3 2.587e-2 1.364e-3
6.4171e23 Mars 7.277e-1 1.316 9.481e-3 -1.170e-2 8.003e-3 4.548e-4
1898.13e24 Jupiter -1.894 -4.985 6.303e-2 6.964e-3 -2.319e-3 -1.461e-4
5.6834e26 Saturn 2.139 -9.821 8.560e-2 5.143e-3 1.170e-3 -2.250e-4
102.413e24 Neptune 2.901e1 -7.374 -5.167e-1 7.528e-4 3.061e-3 -8.079e-5
86.813e24 Uranus 1.694e1 1.306e1 -1.810e-1 -2.081e-3 3.172e-3 3.862e-5
1.307e22 Pluto 1.199e1 -3.153e1 -9.393e-2 3.014e-3 4.592e-4 -9.240e-4 
2.2e14 Comet -2.038e1 2.639e1 -9.955 1.702e-4 6.421e-4 -5.978e-5
